0 0 0 2
1 100 45 2
2 195 18 5
3 164 144 1
4 189 216 3
5 263 171 2
6 375 162 2
7 468 171 2
8 535 93 3
9 604 -40 4
10 469 -110 3
11 371 -173 1
12 272 -112 3
13 240 8 3
14 333 24 2 
15 414 -30 2
16 334 -87 5
17 305 -262 2
18 231 -307 4
19 181 -235 1
20 172 -135 3
21 99 -92 3
22 -17 -93 4
23 -95 -97 5
24 -105 -214 5
25 -200 -123 2
26 -264 -23 3
27 -275 83 3
28 -257 -262 2
29 -243 -333 2
30 -135 -305 4
31 36 -305 5
32 138 -307 1
33 69 -175 2
34 -63 104 3
35 -86 193 4
36 -4 255 3
37 153 253 2

0 1
0 34
1 2
1 3
1 34
2 13
2 3
3 4
4 5
4 37
5 14
5 6
6 7
7 8
8 9
9 10
10 11
10 15
10 16
10 14
10 12
10 13
11 16
11 15
11 17
11 12
11 14
11 13
12 16
12 18
12 13
13 14
14 15
14 16
15 16
17 18
17 20
18 19
18 32
18 20
19 32
19 20
20 21
21 22
22 23
22 21
23 24
23 25
23 34
24 33
24 30
24 25
25 26
25 28
26 27
26 28
27 35
28 29
28 30
30 31
30 33
31 33
31 32
34 35
35 36
36 37